s_min: 5.004 (+2.28, -1.903) mu 
dfrac: 0.43768 (+0.09714, -0.06295) MEarth 
q: 3.660 (+0.06, -0.052) [-] 
s_min2: 17.33 (+1.92, -4.18) mu 
dfrac2: 0.05216 (+0.00383, -0.00276) MEarth 
q2: 3.62 (+0.26, -0.33) [-] 
Chi^2 value: 42.972 
