s_min: 3.612 (+0.59, -0.491) mu 
dfrac: 0.05696 (+0.00396, -0.00390) MEarth 
q: 3.855 (+0.07, -0.070) [-] 
