2.401863963460260454e-11
2.725258709715036950e-11
3.071679618799482764e-11
3.443258610939436875e-11
3.859787260769800863e-11
4.303538751752306905e-11
4.785563937947620780e-11
5.321579175942055358e-11
5.996384217164354455e-11
6.776847430551053868e-11
7.658892331399725250e-11
8.569068891863098681e-11
9.586652182314867808e-11
1.071913564056265097e-10
1.195801940073145880e-10
1.334008942355026487e-10
1.488061568304611125e-10
1.659710804278065938e-10
1.851159933507173775e-10
2.066124138045525584e-10
2.306803455091552424e-10
2.575519099958898261e-10
2.871280532230965067e-10
3.200813691824340669e-10
3.564076603398893215e-10
3.956114237392282480e-10
4.391274823995770851e-10
5.852848852905256993e-10
8.819765750856412477e-10
1.329066747749117931e-09
2.014733163588946989e-09
3.055015143257228725e-09
4.245503026429198944e-09
4.953886228081522177e-09
5.780466674503037095e-09
6.765806655130409486e-09
7.927899508652045480e-09
9.216879676711426784e-09
1.028554989963486664e-08
1.147812930716539925e-08
1.245782005116724399e-08
1.328209194806018514e-08
1.423050388214015234e-08
1.613782274364006724e-08
1.830078014538887651e-08
2.044514621204613768e-08
2.258581155702847412e-08
2.484339403874617159e-08
2.609077756963739635e-08
2.740079206273585078e-08
2.639743474006570330e-08
2.411940670595246586e-08
2.249329787319377194e-08
2.309831414135060196e-08
2.371960390958718984e-08
1.759632058897138667e-08
1.171847780237482186e-08
1.079843561165026490e-08
1.835548867538335629e-08
3.120118289621856335e-08
4.242414158580492760e-08
5.717794502843103464e-08
7.082705697532568988e-08
8.287449540108119180e-08
9.563254765528171267e-08
1.058661813810717300e-07
1.171949156955353021e-07
1.218600460699604104e-07
1.260551525742374319e-07
1.353945471188452608e-07
1.488972326103952428e-07
1.631340079282371844e-07
1.773399209765228173e-07
1.928539200260207085e-07
2.111604920382248276e-07
2.312048072023077043e-07
2.418670285694391277e-07
2.500827376428912330e-07
2.683489702530384008e-07
2.965250938786250625e-07
3.217196709655491278e-07
3.367461395445422000e-07
3.534433833578104969e-07
3.776269639860569102e-07
4.034652525520972208e-07
4.329454586645869841e-07
4.646939400649385346e-07
4.996860985552365853e-07
5.375987637584574505e-07
5.705425150327447485e-07
6.004674588140083170e-07
6.336052137511831422e-07
6.704448196905924447e-07
7.095796232818870996e-07
7.512898020739822623e-07
7.969174098030910912e-07
8.500007890545634451e-07
9.102925752865310801e-07
9.962598961484549072e-07
1.088070167599959047e-06
1.159746459857562161e-06
1.236239910121204540e-06
1.324140637330940727e-06
1.418291395607254498e-06
1.531938688470255378e-06
1.655164939184973178e-06
1.892628839479978841e-06
1.980928712308752751e-06
2.038178225910515867e-06
2.241427923604622293e-06
2.454420925761471765e-06
2.686463735740886887e-06
2.745871039064078804e-06
2.788491928805088309e-06
3.022978407185213733e-06
3.292188257972319362e-06
3.724279016475212772e-06
4.216122904905575877e-06
4.635339941504911521e-06
5.025621543965247100e-06
4.611272930245090742e-06
5.339395158738941887e-06
6.444810206613513240e-06
8.326857081499354203e-06
1.401314605479646605e-05
2.021122036478032095e-05
2.146970013798774079e-05
2.456861031815558139e-05
3.083499174568178316e-05
3.372321905767423070e-05
3.323568627471462400e-05
4.029554196757150852e-05
5.328929840652735022e-05
6.090901748670678721e-05
6.785645179715015635e-05
7.404479975739016655e-05
8.034908348965710877e-05
8.501805408731804398e-05
9.032188426200288571e-05
9.663952536431679580e-05
1.037753122917122129e-04
1.117622048227682888e-04
1.214943334217775863e-04
1.324647232819220369e-04
1.592910019757449969e-04
1.765356990185284070e-04
1.401104486469247718e-04
1.418826385771363677e-04
1.963754499759514814e-04
1.827333617688573571e-04
2.033101881886114801e-04
3.131710184807238420e-04
4.418512509163659134e-04
5.632732413772498789e-04
6.839297928105817284e-04
7.894922836997845129e-04
8.427528826336203776e-04
8.855383320576068387e-04
1.003283053882851085e-03
1.149945743962822427e-03
1.342509957465672478e-03
1.601997853589122748e-03
1.932652077199843938e-03
2.455423085137534156e-03
2.687480839581131951e-03
2.284324309336976076e-03
2.432319745466541422e-03
2.838589225402328615e-03
3.447623331451303390e-03
4.176093474460838319e-03
5.041226791556454277e-03
4.959215232260170622e-03
4.633841937802613865e-03
4.243899652645562355e-03
4.385337828637393513e-03
4.925421602374046616e-03
5.360596242814107820e-03
5.085302753376408878e-03
3.938272310650879626e-03
4.941929588018592438e-03
6.653553335390559494e-03
8.090772173883035989e-03
8.792239177168953423e-03
9.108861153706565919e-03
9.676616010184385316e-03
1.084755896541088165e-02
1.252822852153194846e-02
1.194946881708182362e-02
1.218067931977150596e-02
1.322724494196933845e-02
1.224277665250987635e-02
1.021835385080556435e-02
7.618943211454605978e-03
1.261719269432904321e-02
1.702144261897520217e-02
1.761509011579487707e-02
2.055889239413952879e-02
2.286498214555545208e-02
2.058265888234480853e-02
2.072913962447594030e-02
2.211715631087456113e-02
2.389295621383837401e-02
2.425584637093594967e-02
2.586567075885296343e-02
2.712489548348908860e-02
2.313447598362283752e-02
2.726893560840966749e-02
3.424072372502343781e-02
3.845054725531032308e-02
3.816615034005651358e-02
3.771437269550952792e-02
3.781894412328170446e-02
3.845357646615716468e-02
5.874765487197772251e-02
6.298738597687103535e-02
8.670289585566182122e-02
1.333255964657046599e-01
1.881023458349405930e-01
2.282684964960620400e-01
2.008208080953453045e-01
1.925863887025930643e-01
2.117507760174474618e-01
2.812229632069042085e-01
2.803758755933878910e-01
2.564145616997026700e-01
2.342527647961309134e-01
2.392709550730886259e-01
3.169581423766399952e-01
3.503995391494932887e-01
3.411189150100021883e-01
3.259481821167778959e-01
2.450465510539402425e-01
2.568676210505141944e-01
3.295763934017630903e-01
4.341465566902052431e-01
4.137013829320815850e-01
3.309342227666369207e-01
2.684850263403618653e-01
2.495156310989117554e-01
2.880794816832900618e-01
3.825502001712288713e-01
3.724480234932937006e-01
3.442053519796039462e-01
4.355801924021794891e-01
3.721325912315048834e-01
3.437549470726576351e-01
2.849667898943077926e-01
2.033222740882590918e-01
1.400087035838419314e-01
2.986057285983984011e-01
2.088330805187915140e-01
1.941204185583701169e-01
1.907857304332988002e-01
1.216600338732230641e-01
1.593387695319086750e-01
1.644896039738097671e-01
1.909531258776995533e-01
2.868038608279390167e-01
4.377881686735524691e-01
4.465672143730512467e-01
5.516869760670317646e-01
5.989849710281404116e-01
5.449199285491581612e-01
4.748168555032482585e-01
3.520418839201071570e-01
2.291697637636331275e-01
3.228219073788306526e-01
4.836173694841124360e-01
2.303762161412958032e-01
1.498407286736314903e-01
1.730411752490121913e-01
2.163970670916739725e-01
3.046783590472025849e-01
5.657205638532867287e-01
4.945163894209232969e-01
6.877013781850702667e-01
6.668170299961408976e-01
5.984713306693445478e-01
5.031404051593395543e-01
4.309902472420180652e-01
4.641364741656816562e-01
7.137813168218863913e-01
1.294482980924523963e+00
1.749782088432438876e+00
2.339882537177187860e+00
1.530290617566080869e+00
1.634000784617239521e+00
1.915590406588479677e+00
1.632336742180243050e+00
1.642996292559252058e+00
1.532804184831543015e+00
1.139549161734773275e+00
1.078369295315168452e+00
1.034374665629608447e+00
6.852849412473748236e-01
9.917014080709355417e-01
1.319930762654113687e+00
1.320286168697773821e+00
6.772751713069885549e-01
2.798201448648915957e-01
3.499648340796769341e-01
1.112071928526257247e+00
1.942303286507149451e+00
1.923207646462299136e+00
1.256197795723864807e+00
6.210758397304769751e-01
1.378627343298045593e+00
2.357517549142937874e+00
2.308699369265593049e+00
2.636096740271487437e+00
3.219633164040319517e+00
3.667064849995365527e+00
3.461680300494800910e+00
3.310672149249115126e+00
3.280596782431655534e+00
3.300464860195686079e+00
3.446236889618556454e+00
3.548731873971214146e+00
3.549756189219178903e+00
3.579459829700559315e+00
3.658844227593725851e+00
3.762098077475746649e+00
3.898335488251797099e+00
4.022769045314032788e+00
4.134355942010358831e+00
4.222901305709901187e+00
4.295018291682000999e+00
4.271010244932829103e+00
4.204410672641486713e+00
4.368703510630636444e+00
4.600674352422906566e+00
4.559422491089206275e+00
4.494510599161513298e+00
4.405025098095476821e+00
4.378214536277507563e+00
4.591972027990955496e+00
4.637982246733946212e+00
4.387596319010693691e+00
4.431537182953390719e+00
4.737134031351020624e+00
4.504165181832497922e+00
4.089719356502626191e+00
4.719901067054027344e+00
5.528745269238314997e+00
6.057793249145719372e+00
6.410779931439416046e+00
6.322486288291448098e+00
6.250858249106799214e+00
6.192252150164159197e+00
6.229835574931249731e+00
6.288387026606865327e+00
6.239120376989378158e+00
5.977574792778143298e+00
5.275702471901000834e+00
5.250775289704300519e+00
5.728079766311547694e+00
5.885538511528160655e+00
5.992349440807127614e+00
6.171994838038712849e+00
6.358327299345136296e+00
6.552039820930649405e+00
6.714995884462701348e+00
6.879347513187131113e+00
7.215467472307263819e+00
7.517711849191627493e+00
7.750783638776184148e+00
7.611555902979437960e+00
7.409407042653310960e+00
8.144020123278735923e+00
8.052940537666060550e+00
6.919078974653405822e+00
6.739364522465698393e+00
6.851456860371336610e+00
7.331881763136008701e+00
7.612223723471611692e+00
7.712973120560792317e+00
8.015005695309337597e+00
8.975556867162103103e+00
9.123573839551601949e+00
9.044754362739935161e+00
8.973744555827787295e+00
9.272939924920347465e+00
8.625535367904708650e+00
7.556567372687645445e+00
8.136660264271341703e+00
8.883581754900035321e+00
9.842826054251563761e+00
1.030652083466852531e+01
1.063343173905095540e+01
1.078917234384649326e+01
8.526892419018025748e+00
7.648738668844468513e+00
9.391893925321380010e+00
9.729994893826463098e+00
9.823488108854292022e+00
1.011269875132855134e+01
1.110477376874963795e+01
1.045011479867330983e+01
6.991444099585316430e+00
8.794539478888685480e+00
9.970262671996753312e+00
7.779958009360811388e+00
1.128935555025481818e+01
1.478039913894533086e+01
1.552849584909735192e+01
1.560482679073608736e+01
1.549578340526991838e+01
1.524933432262327138e+01
1.509772943859432637e+01
1.579340031571528691e+01
1.656193840276503337e+01
1.600016757460675620e+01
1.648929724554978904e+01
1.702876906438785554e+01
1.727206185123941751e+01
1.741411310455880468e+01
1.720062486316630768e+01
1.689875585688752579e+01
1.712330576929649339e+01
1.675179047084592199e+01
1.664277709342414369e+01
1.693779074007908392e+01
1.632250510174880631e+01
1.551654696918164156e+01
1.435063507772352587e+01
1.274103997308596803e+01
1.617127609948677147e+01
1.717953881905651059e+01
1.725865322963843695e+01
1.903057838633802845e+01
1.807805369976960108e+01
1.834306414916293448e+01
1.927543339665753663e+01
2.010289221423241912e+01
2.008610158442959559e+01
2.063870105472368621e+01
2.123524666814906325e+01
2.159482360290897773e+01
2.310351798067289053e+01
2.228079963564113086e+01
2.191229635366189044e+01
2.262113885114363754e+01
2.375954524449243621e+01
2.301742602137328930e+01
2.313464447487007547e+01
2.340387198970227089e+01
2.335133195053138877e+01
2.367366482936260397e+01
2.423401648649637963e+01
2.427615021200883660e+01
2.388106345606284364e+01
2.356734424226067759e+01
2.461330336615058911e+01
2.504294033133040287e+01
2.526740645804183316e+01
2.537257093516979722e+01
2.539420365541034030e+01
2.536510941578448808e+01
2.573851863286049380e+01
2.466507993448717784e+01
2.272345213417973042e+01
2.286101249158324578e+01
2.516584989600142208e+01
2.530538466218033022e+01
2.505843580505894508e+01
2.584557816810949404e+01
2.638990630846177865e+01
2.587888665201101190e+01
2.485440010456560955e+01
2.459674644329243520e+01
2.582950285726622397e+01
2.596721837319291382e+01
2.683364286534779453e+01
2.659448525300824784e+01
2.664788014612432221e+01
2.674333355614948005e+01
2.630550707470161242e+01
2.550377895293683039e+01
2.391209897987245370e+01
2.419345601429980519e+01
2.603542130168958835e+01
2.676236025316110911e+01
2.746900130232611303e+01
2.628228535352111095e+01
2.629942209358778271e+01
2.819929418750100325e+01
2.814827151233516744e+01
2.685787866811977764e+01
2.842183187724359783e+01
2.851387591254207976e+01
2.843435060842514872e+01
2.777537637567971629e+01
2.842715863184180591e+01
2.917292639668523080e+01
2.915739181296554605e+01
2.906693201791682668e+01
2.919253414510079381e+01
2.943767548985137594e+01
2.981502361642646903e+01
2.982526635337112353e+01
2.933912590729540426e+01
2.941999132200832179e+01
3.010341993606133926e+01
3.035564463927176604e+01
3.029400464868434284e+01
3.004434778235725645e+01
3.041629674921053450e+01
3.042430897233896303e+01
3.169245015068330318e+01
3.117413187833740906e+01
3.145764877548864646e+01
3.108543658506661700e+01
3.173267488619871912e+01
3.209736131938048942e+01
3.172786104718190714e+01
3.167157786086693250e+01
3.041283760480333243e+01
3.198374760016223206e+01
3.208298663275021312e+01
3.228474830603865087e+01
3.240148597987960954e+01
3.224755491349490910e+01
3.208143844932159539e+01
3.241060270176549096e+01
3.287184200240716336e+01
3.270512196379462466e+01
3.239136744162885861e+01
3.191026536658334933e+01
3.174855881188646833e+01
3.154487623529719187e+01
3.227572793575885157e+01
3.294256062368346960e+01
3.254048045903812181e+01
3.180322046515562562e+01
3.295245912436485014e+01
3.323858360141186097e+01
3.257811145748219417e+01
3.284513704523673994e+01
3.300373243274405155e+01
3.315020407738668951e+01
3.308557100612237178e+01
3.305470614003030505e+01
3.307309643634740581e+01
3.307253895758309170e+01
3.284934477140177478e+01
3.355590705099603355e+01
3.346387866418298529e+01
3.150418262624721422e+01
3.062573229758221061e+01
3.368906646002396599e+01
3.396355692420079464e+01
3.401129912558865698e+01
3.382576670460330348e+01
3.428805805731337131e+01
3.403410202994052014e+01
3.423718459489062838e+01
3.419334913194816039e+01
3.426054513006484115e+01
3.420805674782291561e+01
3.443034555778132244e+01
3.410861255832482186e+01
3.444681678055930263e+01
3.447984137341344990e+01
3.448331619019273120e+01
3.450891877668002650e+01
3.461969648794710963e+01
3.436542588975023449e+01
3.426362451382752283e+01
3.466036147212631136e+01
3.458588066301790320e+01
3.459945068287798620e+01
3.456176594094606003e+01
3.440701922423411219e+01
3.441651628363844395e+01
3.394106118706007180e+01
3.448636343947746496e+01
3.468868331253422355e+01
3.480818532930014442e+01
3.423545257652092033e+01
3.470532713438938544e+01
3.483760691719178482e+01
3.499875383482046942e+01
3.435880156095637972e+01
3.430437007303629571e+01
3.466278169352055016e+01
3.501354590719175519e+01
3.486861875647539932e+01
3.501862177018129074e+01
3.520171339260203780e+01
3.503720837831146184e+01
3.504531450974157281e+01
3.518436184660063049e+01
3.512024941275303291e+01
3.480498841752485362e+01
3.500781731590581103e+01
3.508178895205634973e+01
3.496877773276419532e+01
3.533640065262427754e+01
3.529590733118001822e+01
3.512298680410967222e+01
3.540463542807089681e+01
3.539874698701742517e+01
3.493805635797163234e+01
3.484369917783101300e+01
3.542876237809235818e+01
3.532225267526145984e+01
3.522818044698387041e+01
3.520589070407296362e+01
3.511206535045429433e+01
3.539236935154808350e+01
3.549928707931704253e+01
3.545900000000001029e+01
3.469692668318513995e+01
3.485855324065330763e+01
3.521583856359747955e+01
3.546859383972788748e+01
3.498708608305853573e+01
3.498967345327322676e+01
3.535442226096790819e+01
3.510036589659291195e+01
3.507255109980202690e+01
3.508265552277366339e+01
3.482478181532130890e+01
3.349667595886667470e+01
3.169638172292321698e+01
3.534864583792293757e+01
3.486884420509741034e+01
3.532072256186923198e+01
3.259918425745856041e+01
3.447337083387250800e+01
3.508955810772432926e+01
3.415058042199757438e+01
3.519948444694180267e+01
3.464145173905548347e+01
3.500526085769003970e+01
3.386941681359383693e+01
3.538648780781283421e+01
3.503278027533409045e+01
3.524582387607934919e+01
3.493767081611166958e+01
3.435566645143411080e+01
3.537172276680684035e+01
3.436365925211472927e+01
3.505450430777970183e+01
3.529839110838643990e+01
3.530162827395505332e+01
3.428869438697882543e+01
3.389053839672819635e+01
3.497109984312540831e+01
3.529100778718071041e+01
3.518557347668316737e+01
3.514832576367639660e+01
3.420245588035439255e+01
3.479768682214497488e+01
3.514827082764504951e+01
3.513274995140383083e+01
3.425698902504549181e+01
3.449982938173237557e+01
3.497482331992333826e+01
3.469056311321674002e+01
3.462921462247944504e+01
3.496034198868361642e+01
3.495298982205599003e+01
3.484745794915479422e+01
3.489031895308443865e+01
3.491079455474612558e+01
3.477991949740462019e+01
3.466029103985255944e+01
3.496173470099456182e+01
3.494332452645134168e+01
3.469789825642335757e+01
3.430463841052632290e+01
3.394060707474510252e+01
3.444465918537316185e+01
3.459501662925187304e+01
3.444753784955998555e+01
3.456950629948974552e+01
3.466714467424290547e+01
3.467455437640271754e+01
3.445652619364857827e+01
3.442420346349128835e+01
3.446587191111746762e+01
3.454434822018653506e+01
3.428973462849337750e+01
3.430073882357376647e+01
3.438075005221668334e+01
3.425530705670965403e+01
3.418481993137102393e+01
3.392983476203849591e+01
3.359971262171007567e+01
3.386299674081781319e+01
3.385137121451620601e+01
3.367061683715567710e+01
3.340151846518298839e+01
3.347535199281393403e+01
3.299629684805109520e+01
3.274881488154351672e+01
3.309118790211994821e+01
3.350823242310355710e+01
3.372488027867724014e+01
3.374893344297269948e+01
3.362359903808148687e+01
3.356917232849795596e+01
3.363995946203448995e+01
3.347064994495543999e+01
3.319728635763259206e+01
3.332396170257306522e+01
3.333371583809999095e+01
3.320067920200768441e+01
3.322294491636257874e+01
3.353914252944905883e+01
3.351621456222344619e+01
3.336128505371684838e+01
3.312632913684780078e+01
3.295632162778210983e+01
3.301119094338419302e+01
3.335215787606075821e+01
3.299006358917476689e+01
3.279649130211539898e+01
3.275749940499095203e+01
3.277062773524997397e+01
3.325773043132516449e+01
3.254601377342111590e+01
3.258710135736175317e+01
3.269626471412046698e+01
3.263726834669095922e+01
3.279161304854984138e+01
3.302883378343903331e+01
3.299495352199034670e+01
3.286047058439545054e+01
3.280612058557610311e+01
3.282357306609932834e+01
3.277714648955021914e+01
3.269617439043832263e+01
3.277005531028000718e+01
3.267015425883119661e+01
3.258646280039542376e+01
3.254871750983351575e+01
3.250479958348782361e+01
3.244793051239630444e+01
3.251506600143380865e+01
3.233885467332372343e+01
3.058101956058299464e+01
3.150194899578109897e+01
3.217401994603749671e+01
3.225103270178621528e+01
3.226912365994806464e+01
3.217441078620282013e+01
3.222810855706985222e+01
3.191162003028806282e+01
3.185375946117619606e+01
3.208317672244737651e+01
3.189709625511958180e+01
3.189689389357997840e+01
3.188663643509385892e+01
3.191647651850699319e+01
3.193973639402200604e+01
3.187912939129387979e+01
3.177060750771618203e+01
3.157955411721547989e+01
3.164310546946123992e+01
3.157938240739463964e+01
3.148659873010671006e+01
3.150266892200165714e+01
3.151693773554811884e+01
3.156117078571142898e+01
3.148502151126116289e+01
3.143164032394193441e+01
3.127285191551878185e+01
3.131875042120245922e+01
3.113594236489505107e+01
3.119592882060616290e+01
3.100765336859935672e+01
3.067259606657242443e+01
3.083509757623373559e+01
3.110382145273564092e+01
3.061755673702477765e+01
3.063747589293749130e+01
3.067198484031500527e+01
3.060243295809714326e+01
3.067337094629444394e+01
3.067512028467848140e+01
3.045807540778114131e+01
3.030189428271998509e+01
3.036096182739243687e+01
2.999315627870845447e+01
3.030767724366419102e+01
3.040407852288154444e+01
2.980427531284873055e+01
2.969448188113057086e+01
3.012942630995821247e+01
3.030573950831280783e+01
3.000821786232563682e+01
3.013537564195984331e+01
3.002762536711564678e+01
2.997538723588405318e+01
2.992485507076642293e+01
2.986862396145166443e+01
2.966533743067896367e+01
2.965277106887065983e+01
2.966217553569758181e+01
2.937163177023122884e+01
2.902949335650942331e+01
2.892554769501816025e+01
2.852770256406082439e+01
2.875540961844440702e+01
2.903046552480111941e+01
2.894614734905326969e+01
2.876983155685405080e+01
2.853870261450154189e+01
2.860956325785858567e+01
2.880711120490729371e+01
2.854691188570849647e+01
2.824373624184341125e+01
2.793958488694772058e+01
2.784641396628598287e+01
2.814011660877077503e+01
2.819439166474484537e+01
2.807979667879401475e+01
2.769238602590525034e+01
2.725931271407043965e+01
2.684934586123288724e+01
2.677367103047706109e+01
2.728488645419922776e+01
2.728275530561785800e+01
2.699146681140565818e+01
2.686539902054845186e+01
2.671399513477435761e+01
2.643517873206191382e+01
2.586107077768357598e+01
2.505030953239589309e+01
2.533397668323289764e+01
2.573518785402928444e+01
2.581275378514000352e+01
2.577127290572195761e+01
2.562080169850223399e+01
2.549359527408099524e+01
2.537969823110293888e+01
2.529829573590713210e+01
2.519986538736475978e+01
2.508985965676381369e+01
2.486025084758105663e+01
2.442575208362366723e+01
2.363122604405289806e+01
2.367848089391495847e+01
2.397878313176500242e+01
2.404732029304571128e+01
2.395281439013409752e+01
2.372820532135300553e+01
2.368674215071572320e+01
2.355771765699456566e+01
2.329146033222569301e+01
2.240097343578425892e+01
2.190734228411244899e+01
2.267906932232613570e+01
2.265016501125544934e+01
2.243190771200274725e+01
2.265511275305883743e+01
2.261583229326402389e+01
2.245105622598850914e+01
2.233680885082454637e+01
2.212586120446248472e+01
2.178812493284935314e+01
2.093407380755026637e+01
2.103276207748075066e+01
2.162716945762219822e+01
2.154089033231224093e+01
2.140112334275655925e+01
2.125406729214454060e+01
2.121799032203457358e+01
2.112170780568399309e+01
2.101547779649448700e+01
2.096185430022780594e+01
2.090369236054910118e+01
2.078879195014038217e+01
2.056339748844549220e+01
2.035693937723371860e+01
2.027970559860173339e+01
2.034396883316235360e+01
2.018731572107669336e+01
2.000937040898220687e+01
1.984555527462268287e+01
1.978863068659286384e+01
1.968699744840277077e+01
1.954396878711996877e+01
1.935697928216517383e+01
1.935264790440839278e+01
1.926088013830641543e+01
1.912283165278176611e+01
1.900627221365256858e+01
1.892097572074541389e+01
1.884024504675590350e+01
1.874810822332067417e+01
1.858916722630215901e+01
1.789100432941041063e+01
1.765130617586878259e+01
1.809145827797728145e+01
1.807647016412115093e+01
1.807531356954035573e+01
1.797426605225427920e+01
1.777008937776158959e+01
1.777084905455530262e+01
1.768525980571645206e+01
1.758007853747234606e+01
1.747728701243856619e+01
1.737720960073396270e+01
1.723120293582507756e+01
1.711631121586956183e+01
1.703790169589574433e+01
1.698240121179953022e+01
1.680585350489737806e+01
1.669460434460180664e+01
1.663358050205211924e+01
1.658243120336745946e+01
1.645467300271044309e+01
1.631931103501853286e+01
1.621147035237553524e+01
1.614806390885373943e+01
1.608894623942031643e+01
1.589931734709680633e+01
1.588059647970269772e+01
1.574840103499829347e+01
1.559261726258684178e+01
1.550065045442659795e+01
1.551429691010224410e+01
1.540784840319693494e+01
1.523952101544729310e+01
1.516604810616206578e+01
1.510692321136739835e+01
1.500724118300247234e+01
1.492593344002900935e+01
1.473046541131231635e+01
1.474440954850902763e+01
1.465679563040381694e+01
1.449589492800043722e+01
1.439119213475465209e+01
1.440443134015911575e+01
1.433714186396024814e+01
1.423700708871549026e+01
1.417855851394723743e+01
1.409640012987486202e+01
1.397899427309106990e+01
1.386814282554236755e+01
1.378577671637783020e+01
1.369551713773511459e+01
1.370788574878607058e+01
1.348896692953520038e+01
1.348128116979517621e+01
1.343503846162102811e+01
1.331244337595609650e+01
1.294159875299660278e+01
1.275839284028395326e+01
1.303412659657614547e+01
1.297790540164011652e+01
1.292063411069588419e+01
1.277349486885744767e+01
1.273823709764905487e+01
1.274753303697565343e+01
1.269374439013503775e+01
1.262305822737080874e+01
1.254151043959227430e+01
1.246518135686291373e+01
1.239488080338321119e+01
1.232558807748612750e+01
1.220219997257557232e+01
1.205665050443674602e+01
1.203952765474039310e+01
1.201567202533681922e+01
1.195564374639691785e+01
1.190069894493831448e+01
1.182267503490281690e+01
1.175980408855435932e+01
1.168321637489139952e+01
1.163218493556112065e+01
1.151991213429308480e+01
1.146407225442609601e+01
1.135035356009527341e+01
1.114436936868421668e+01
1.122308976586577067e+01
1.119438801506175274e+01
1.113263445678068209e+01
1.105951231379596145e+01
1.096144851518891272e+01
1.092533561228328942e+01
1.084185973876717135e+01
1.079814760946996266e+01
1.073143673104110185e+01
1.066206263565806367e+01
1.059930432872758033e+01
1.051765161547380600e+01
1.045320483913565823e+01
1.040620709027849777e+01
1.029681659998008669e+01
1.010387408338798920e+01
1.013733645000525563e+01
1.014130849421022162e+01
1.007770289733805136e+01
1.002355021258541079e+01
9.947965445197342049e+00
9.897132565012796590e+00
9.796940044904131284e+00
9.751263910934561352e+00
9.715940272410838574e+00
9.661130332243780927e+00
9.574169869855973403e+00
9.532404960849252262e+00
9.475778714256009039e+00
9.422293181903924619e+00
9.370922580344897668e+00
9.300934541292777524e+00
9.244906999315801954e+00
9.190944953619631264e+00
9.132459685122967130e+00
9.074132832789018721e+00
9.015588924095629508e+00
8.920945780729379493e+00
8.788372164847379153e+00
8.751562162480947649e+00
8.754057984276323978e+00
8.709813398817953356e+00
8.664157423071685571e+00
8.623652422005507745e+00
8.574099149587853574e+00
8.513556015687610667e+00
8.454032383255732697e+00
8.395156957716267243e+00
8.337567495019037267e+00
8.287179433222229719e+00
8.254136112772355816e+00
8.213771337746955226e+00
8.168305771616596545e+00
8.115227516270113739e+00
8.062609993618563564e+00
8.014305590697158976e+00
7.965520839200403991e+00
7.916376849059670207e+00
7.860613885090206310e+00
7.807265439620884706e+00
7.764652438707985382e+00
7.715271918966108977e+00
7.661160671846945824e+00
7.611576770265404690e+00
7.566745166622467877e+00
7.531045806011914756e+00
7.485853619264362102e+00
7.435412450955912966e+00
7.371550804177808836e+00
7.316026767888859972e+00
7.268721497414151855e+00
7.206837791240682911e+00
7.150168318541896717e+00
7.106554625377955681e+00
7.056306868306955415e+00
6.996634300850058885e+00
6.905767854836274644e+00
6.889410190752477625e+00
6.909425455087465195e+00
6.866498073833092519e+00
6.824531951069399582e+00
6.783525777081325536e+00
6.750395903519461172e+00
6.715088513608364451e+00
6.677584791816164156e+00
6.626490751177961158e+00
6.578287587216653520e+00
6.533542097488066247e+00
6.502614686263123112e+00
6.467226084446098255e+00
6.426660396412558818e+00
6.373311041085144346e+00
6.332567951998062661e+00
6.301665236540347159e+00
6.239373210903369937e+00
6.194770167934420257e+00
6.163005364361509031e+00
6.135426199112478329e+00
6.058329734983809445e+00
5.988063908916364753e+00
6.004603200319436063e+00
5.979942046166389247e+00
5.946601432977741908e+00
5.914428653026270410e+00
5.881969750482495485e+00
5.841053425676952848e+00
5.795011176333292546e+00
5.757319177720513714e+00
5.723815308267719004e+00
5.683828839507623520e+00
5.630063318988886678e+00
5.620569108566196626e+00
5.590415141490354678e+00
5.549495108751347772e+00
5.521824416722434847e+00
5.459351671498320790e+00
5.396019358250261355e+00
5.342473841836954840e+00
5.318265567594471221e+00
5.254091859893879501e+00
5.190214899404140603e+00
5.143465546198472182e+00
5.134280678766984352e+00
5.067495493463319178e+00
5.020227919756952595e+00
5.008035364681174606e+00
4.983386887424025247e+00
4.920204375852142320e+00
4.886965789334351662e+00
4.876849257093587298e+00
4.842995849434353239e+00
4.786740359817266643e+00
4.760309337360632220e+00
4.745133001824061836e+00
4.719247563909615195e+00
4.661998875781344864e+00
4.645404353327301727e+00
4.623695014277735993e+00
4.583241212807445564e+00
4.526532448741900971e+00
4.523568884634840082e+00
4.514807270814092277e+00
4.494902896193047503e+00
4.472199139771475984e+00
4.457203931173441269e+00
4.424449194558516041e+00
4.393833825042547936e+00
4.368521040895140928e+00
4.339476646745774602e+00
4.307860232033219106e+00
4.297742162091304330e+00
4.265193231320417944e+00
4.236390735880008585e+00
4.211337532361258518e+00
4.186939542308927287e+00
4.161153133093030476e+00
4.135916481464943395e+00
4.106190559420212161e+00
4.080806943913436236e+00
4.061023432490808993e+00
4.034436572295887480e+00
4.007002131578320636e+00
3.987525262130268811e+00
3.951959067134648951e+00
3.931258065841436444e+00
3.913706304739522857e+00
3.882983215095195728e+00
3.847342351548787232e+00
3.825559484768132901e+00
3.816732024126280987e+00
3.798708583724480725e+00
3.765311411766079974e+00
3.739220689559997535e+00
3.714593299035955365e+00
3.697303950783188853e+00
3.678957993825995754e+00
3.650261053175955617e+00
3.626280670344119272e+00
3.606009223708058986e+00
3.582344023488611029e+00
3.561437770697097882e+00
3.537675551963525233e+00
3.519163031993757684e+00
3.497625522549783650e+00
3.465294982396953660e+00
3.454317019921145260e+00
3.430346921024248541e+00
3.408011995307073327e+00
3.390086099058239100e+00
3.372983720946416852e+00
3.348394863729988735e+00
3.330511874391904659e+00
3.306422318878510680e+00
3.282808464932543746e+00
3.266125994347579553e+00
3.247641942993086950e+00
3.231792902592297789e+00
3.207956362797522054e+00
3.184825246474459082e+00
3.169901496426819953e+00
3.151540432148769888e+00
3.130532773940948310e+00
3.110022191234731004e+00
3.091295398544753770e+00
3.071237884654235195e+00
3.053257661926284339e+00
3.034425797093633026e+00
3.011415914247220993e+00
2.986214998488484706e+00
2.965323815313696709e+00
2.955007329699841812e+00
2.933800123571930651e+00
2.921450266283343922e+00
2.902429173251848571e+00
2.883784782201627817e+00
2.866691146731480622e+00
2.847412971434131190e+00
2.827665430814786163e+00
2.806200758387030536e+00
2.790711395362907243e+00
2.776494225845802966e+00
2.758944848407009154e+00
2.741599701537827727e+00
2.724454590192876058e+00
2.699573566282329473e+00
2.685604329204508200e+00
2.668930053866414909e+00
2.651653159321063047e+00
2.633923698163823435e+00
2.621217822124918939e+00
2.603319506773766889e+00
2.585912090171937461e+00
2.569474925902377915e+00
2.553449723969475560e+00
2.535773190236647157e+00
2.518478085973979042e+00
2.501662761513780975e+00
2.486274078719759917e+00
2.471781516604501849e+00
2.456225513768252267e+00
2.440497233318509984e+00
2.424184233943635913e+00
2.408236656209622684e+00
2.392993672746583922e+00
2.377356989909169105e+00
2.361417071766176434e+00
2.345356818391895359e+00
2.329393429729015530e+00
2.314085930525019208e+00
2.299261630377604781e+00
2.285236435865961813e+00
2.270582333093884575e+00
2.255621955142457669e+00
2.240965864240235916e+00
2.226253846530960701e+00
2.211139366126810391e+00
2.196899506664944823e+00
2.183341546388521071e+00
2.167889519262445663e+00
2.152882986691008860e+00
2.139868159819671600e+00
2.126353448237991106e+00
2.112504508020477179e+00
2.098533464915472102e+00
2.084682594388603150e+00
2.071021756722374096e+00
2.057300289996207621e+00
2.043606782816929979e+00
2.030145980617159562e+00
2.017017127103054364e+00
2.004266895029922946e+00
1.990402504496327163e+00
1.976922409760664801e+00
1.964903104227801789e+00
1.951785685991319852e+00
1.937621224201128589e+00
1.918792314683077205e+00
1.904389378451433856e+00
1.893606705608934737e+00
1.885749145936834292e+00
1.876031858565851307e+00
1.863961347632617116e+00
1.851683910161352697e+00
1.839485040942464122e+00
1.827413283809326661e+00
1.814870122927365381e+00
1.802718613642698031e+00
1.791446030832428704e+00
1.779775291209712451e+00
1.768135605597904059e+00
1.756679485832854715e+00
1.745099202620751466e+00
1.733471461418010451e+00
1.721765237895696465e+00
1.710401959958525842e+00
1.699223231887876162e+00
1.688222439138952646e+00
1.676751825778371785e+00
1.665242823164519548e+00
1.653773382128280289e+00
1.643485310977217395e+00
1.632457938932682096e+00
1.621172077488434171e+00
1.610931060043343521e+00
1.600648855900643097e+00
1.590256943493725039e+00
1.579643531930135403e+00
1.569417835336963440e+00
1.558817529484861186e+00
1.547929231034834041e+00
1.537937322494107306e+00
1.527963248422661069e+00
1.518038115482530870e+00
1.508183007248859342e+00
1.497985479398577846e+00
1.488093748127605309e+00
1.478362734174683890e+00
1.468360623136559351e+00
1.458497492673112239e+00
1.448981238054544596e+00
1.439728621103512074e+00
1.430179685829804592e+00
1.420344643598713930e+00
1.410504094613756365e+00
1.400844496290631236e+00
1.391844599965751605e+00
1.382616031528506984e+00
1.373404614913894983e+00
1.364306596106575675e+00
1.355417421611725182e+00
1.346274982451352242e+00
1.337596531318700155e+00
1.329139782866273434e+00
1.320432320429727246e+00
1.310904137634684385e+00
1.302390972927579771e+00
1.294151283356588911e+00
1.285744319062476659e+00
1.277050938682602332e+00
1.268680569292544469e+00
1.260529662536193918e+00
1.252130278758248672e+00
1.243397482296967116e+00
1.235436391224402852e+00
1.227287742343044163e+00
1.218880744692230511e+00
1.210862047083951731e+00
1.203243536095953470e+00
1.194905182644347530e+00
1.186930107265712353e+00
1.178737493225865407e+00
1.170799045131061922e+00
1.163236199233989243e+00
1.155765245680280495e+00
1.147499451880998000e+00
1.139677498833901792e+00
1.132240603054228245e+00
1.125192794339715086e+00
1.117990279493226380e+00
1.110182696697487481e+00
1.102161141706795133e+00
1.095483550839463138e+00
1.088553203981209583e+00
1.081341181650474326e+00
1.074065463595889280e+00
1.066838699658934075e+00
1.059660560457854839e+00
1.052530718827285217e+00
1.045448849803347180e+00
1.038414630608851308e+00
1.031427740638599211e+00
1.024487861430839697e+00
1.017594676691956801e+00
1.010747872245456813e+00
1.003947136028781051e+00
9.971921580793210449e-01
9.904826305203072723e-01
9.838182475467959209e-01
9.771987054117488025e-01
9.706237024122095214e-01
9.640929388755725693e-01
9.576061171459486765e-01
9.511629415706209789e-01
9.447631184865961096e-01
9.384063562072459952e-01
9.320923650090425783e-01
9.258208571183826896e-01
9.195915466985048470e-01
9.134041498364956491e-01
9.072583845303859862e-01
9.011539706763365132e-01
8.950906300559126061e-01
8.890680863234471376e-01
8.830860649934909601e-01
8.771442934283518733e-01
8.712425008257199677e-01
8.653804182063802308e-01
8.595577784020104195e-01
8.537743160430665279e-01
8.480297675467527441e-01
8.423238711050761163e-01
8.366563666729880389e-01
8.310269959566076725e-01
8.254355024015340714e-01
8.198816311812313629e-01
8.143651291855157348e-01
8.088857450091088142e-01
8.034432289275788008e-01
7.980373328896236407e-01
7.926678105646726147e-01
7.873344172536435037e-01
7.820369099063435581e-01
7.767750471105207000e-01
7.715485890809955505e-01
7.663572976488753907e-01
7.612009362508489474e-01
7.560792699185635568e-01
7.509920652680814879e-01
7.459390904894186436e-01
7.409201153361637537e-01
7.359349111151787248e-01
7.309832506763791482e-01
7.260649084025960764e-01
7.211796601995192901e-01
7.163272834857199456e-01
7.115075571827560452e-01
7.067202617053570668e-01
7.019651789516915263e-01
6.972420922937145882e-01
6.925507865675980534e-01
6.878910480642409508e-01
6.832626645198638382e-01
6.786654251066824850e-01
6.740991204236672640e-01
6.695635424873837005e-01
6.650584847229112917e-01
6.605837419548583611e-01
6.561391103984473006e-01
6.517243876506908506e-01
6.473393726816519811e-01
6.429838658257889250e-01
6.386576687733855895e-01
6.343605845620683414e-01
6.300924175684105011e-01
6.258529714232589081e-01
6.216420535132987091e-01
6.174594734075862235e-01
6.133050407101733326e-01
6.091785663198147072e-01
6.050798624218631794e-01
6.010087424802448286e-01
5.969650212295114500e-01
5.929485146669700724e-01
5.889590400448928564e-01
5.849964158628035982e-01
5.810604618598430582e-01
5.771509990072148932e-01
5.732678495007081931e-01
5.694108367533013970e-01
5.655797853878449244e-01
5.617745212298236313e-01
5.579948713001996463e-01
5.542406638083358095e-01
5.505117281449988242e-01
5.468078948754440116e-01
5.431289957325833306e-01
5.394748636102268957e-01
5.358453325564198622e-01
5.322402377668485896e-01
5.286594155783362892e-01
5.251027034624184964e-01
5.215699400190025870e-01
5.180609649701107822e-01
5.145756191537057544e-01
5.111137445176008320e-01
5.076751841134542476e-01
5.042597820908474304e-01
5.008673836914491195e-01
4.974978352432621320e-01
4.941509841549587279e-01
4.908266789102984640e-01
4.875248008668027211e-01
4.842451755414479142e-01
4.809876522110322350e-01
4.777520839475099534e-01
4.745383248936413945e-01
4.713462302591709396e-01
4.681756563171488028e-01
4.650264604004007984e-01
4.618985008981488782e-01
4.587916372527833797e-01
4.557057299567912612e-01
4.526406405498411556e-01
4.495962316160288519e-01
4.465723667812863673e-01
4.435689107109556661e-01
4.405857291075319093e-01
4.376226887085732931e-01
4.346796572847935192e-01
4.317565036383220201e-01
4.288530976011479812e-01
4.259693100337457183e-01
4.231050128238857955e-01
4.202600788856337144e-01
4.174343821585400072e-01
4.146277976070243954e-01
4.118402012199571804e-01
4.090714700104409740e-01
4.063214820157947660e-01
4.035901162977456047e-01
4.008772529428284992e-01
3.981827730629994844e-01
3.955065587964634033e-01
3.928484933087216802e-01
3.902084607938406391e-01
3.875863464759448096e-01
3.849820366109393821e-01
3.823954246627526143e-01
3.798264153190616943e-01
3.772748783087799263e-01
3.747407042407814304e-01
3.722237847794674370e-01
3.697240126484725997e-01
3.672412816346416475e-01
3.647754865922814282e-01
3.623265234476908403e-01
3.598942892039723174e-01
3.574786819461305831e-01
3.550796008464556230e-01
3.526969461702065267e-01
3.503306192815832665e-01
3.479805226500019555e-01
3.456465598566724751e-01
3.433286356014820240e-01
3.410266557101879203e-01
3.387405271419239861e-01
3.364701579970216794e-01
3.342154575251516380e-01
3.319763361337856322e-01
3.297527053969852018e-01
3.275444780645163645e-01
3.253515680712964486e-01
3.231738905471737144e-01
3.210113618270422076e-01
3.188638994612960076e-01
3.167314222266238710e-01
3.146138501371461560e-01
3.125111044558983031e-01
3.104231077066601507e-01
3.083497836861347485e-01
3.062910574764790006e-01
3.042468554581844176e-01
3.022171053233139171e-01
3.002017360890930076e-01
2.982004427838222949e-01
2.962131625620402220e-01
2.942400182146137078e-01
2.922809418227062528e-01
2.903358667546842020e-01
2.884047276777007007e-01
2.864874605695295062e-01
2.845840027306338338e-01
2.826942927964773977e-01
2.808182707500713748e-01
2.789368324934807242e-01
2.770592560093589896e-01
2.751955863953894910e-01
2.733457651770357377e-01
2.715097353294776972e-01
2.696874412912133590e-01
2.678788289778797904e-01
2.660838457962851900e-01
2.643024406586519381e-01
2.625345639970628753e-01
2.607801677781080851e-01
2.590392055177273001e-01
2.573116322962412661e-01
2.555974047735690147e-01
2.538964812046232145e-01
2.522088214548799945e-01
2.505343870161151898e-01
2.488731410223028462e-01
2.472250482656670190e-01
2.455900752128833409e-01
2.439681900214201171e-01
2.423593625560143405e-01
2.407635644052738277e-01
2.391807688983981217e-01
2.376109511220109161e-01
2.360540879370946754e-01
2.345101579960209293e-01
2.329782224292230031e-01
2.314589490096281010e-01
2.299524725738185948e-01
2.284587750932619565e-01
2.269778402700265985e-01
2.255096535502426336e-01
2.240542021375301618e-01
2.226114750063870329e-01
2.211814629155242906e-01
2.197641584211404708e-01
2.183595558901239297e-01
2.169676515131730155e-01
2.155884433178232862e-01
2.142219311813709781e-01
2.128681168436825089e-01
2.115270039198775265e-01
2.101985979128763726e-01
2.088829062257984148e-01
2.075799381742019778e-01
2.062897049981522457e-01
2.050122198741074486e-01
2.037474979266098163e-01
2.024955562397703357e-01
2.012564138685354609e-01
2.000300918497229241e-01
1.988166132128152130e-01
1.976160029904975024e-01
1.964282882289294097e-01
1.952534979977357810e-01
1.940916633997062657e-01
1.929428175801900791e-01
1.918069957361720201e-01
1.906842351250216949e-01
1.895745750728972945e-01
1.884780569827953500e-01
1.873947243422326436e-01
1.863235815688627783e-01
1.852601340689166154e-01
1.842095931773398976e-01
1.831719933522411026e-01
1.821473706476748056e-01
1.811357627086488953e-01
1.801372087656238907e-01
1.791517496284950051e-01
1.781794276800498789e-01
1.772202868688926014e-01
1.762743727018278861e-01
1.753417322356956021e-01
1.744224140686506386e-01
1.735164683308789979e-01
1.726239466747442053e-01
1.717449022643568191e-01
1.708793897645607407e-01
1.700274653293301630e-01
1.691891865895706892e-01
1.683646126403197940e-01
1.675538040273400475e-01
1.667568227331009678e-01
1.659737321621437278e-01
1.652045971258248036e-01
1.644494838264340397e-01
1.637084598406826907e-01
1.629815941025578863e-01
1.622689568855419373e-01
1.615706197841898506e-01
1.608866556950653837e-01
1.602171387970321437e-01
1.595621445308975650e-01
1.589217495784081557e-01
1.582960318405951805e-01
1.576850704154684757e-01
1.570889455750593133e-01
1.565077387418109811e-01
1.559330000161630037e-01
1.553631528002380469e-01
1.548074356227069348e-01
1.542658977487762206e-01
1.537385885902051164e-01
1.532255576665985664e-01
1.527268545661596977e-01
1.522425289059114450e-01
1.517726302913991743e-01
1.513172082758841852e-01
1.508763123190408062e-01
1.504499917451684043e-01
1.500382957009318285e-01
1.496412731126416928e-01
1.492589726430896824e-01
1.488914426479514552e-01
1.485387311317719339e-01
1.482008857035476412e-01
1.478779535319210692e-01
1.475699813000026783e-01
1.472770151598360444e-01
1.469991006865238037e-01
1.467362828320292745e-01
1.464886058786716572e-01
1.462561133923327983e-01
1.460388481753926437e-01
1.458368522194116446e-01
1.456501666575787668e-01
1.454788317169437850e-01
1.453228866704537880e-01
1.451823697888120213e-01
1.450573182921801318e-01
1.449477683017432184e-01
1.448537547911586953e-01
1.447753115379085687e-01
1.447124710745780196e-01
1.446652646400781173e-01
1.446144143559482953e-01
1.445728869454407650e-01
1.445457959926720048e-01
1.445331274984456016e-01
1.445348651477378898e-01
1.445509902556372517e-01
1.445814817135850361e-01
1.446263159359464368e-01
1.446854668069400551e-01
1.447589056279548481e-01
1.448466010652836311e-01
1.449485190983026972e-01
1.450646229681241128e-01
1.451948731267533321e-01
1.453392271867779972e-01
1.454976398716179287e-01
1.456700629663662261e-01
1.458564452692485414e-01
1.460567325437307218e-01
1.462708674713028567e-01
1.464987896049681493e-01
1.467404353234655345e-01
1.469957377862542991e-01
1.472646268892875421e-01
1.475470292216048696e-01
1.478428680227688585e-01
1.481520631411759603e-01
1.484745309932657686e-01
1.488101845236587950e-01
1.491589331662471485e-01
1.495206828062646542e-01
1.498953357433636946e-01
1.502827906557240856e-01
1.506829425652165821e-01
1.510956828036510990e-01
1.515208989801294925e-01
1.519589887149198904e-01
1.524140568882157432e-01
1.528812063784889541e-01
1.533603003937789033e-01
1.538511979383114237e-01
1.543537537824504202e-01
1.548678184339907504e-01
1.553932381108152905e-01
1.559298547149407244e-01
1.564775058079761472e-01
1.570360245880140504e-01
1.576052398679800293e-01
1.581849760554582263e-01
1.587750531340176574e-01
1.593752866460556028e-01
1.599854876771782952e-01
1.606054628421418884e-01
1.612350142723646407e-01
1.618739396050339341e-01
1.625220319738211461e-01
1.631790800012227205e-01
1.638448677925389840e-01
1.645191749315112750e-01
1.652017764776230746e-01
1.658924429650858734e-01
1.665909404035160468e-01
1.672970302803166720e-01
1.680104695647754998e-01
1.687309678838687377e-01
1.694540731561711699e-01
1.701838305272918017e-01
1.709199783640872883e-01
1.716622505673601751e-01
1.724103765863740367e-01
1.731640814351317892e-01
1.739230857104264727e-01
1.746871056116613974e-01
1.754821858554709846e-01
1.763209712189773293e-01
1.771656451893895423e-01
1.780159238554681056e-01
1.788715187841404541e-01
1.797321370425896125e-01
1.805974812221529113e-01
1.814672494640335310e-01
1.823411354868303969e-01
1.832188286158736024e-01
1.841000138143752407e-01
1.849843717163826284e-01
1.858715786615366961e-01
1.867613067316256092e-01
1.876532237889314836e-01
1.885469935163604782e-01
1.894422754593509950e-01
1.903387250695508515e-01
1.912359937502500773e-01
1.921337289035680851e-01
1.930315739793738161e-01
1.939291685259329212e-01
1.948261482422686264e-01
1.957221450322209066e-01
1.966167870601890910e-01
1.975096988085457417e-01
1.984005011367005189e-01
1.992888113418017637e-01
2.001742432210554257e-01
2.010564071356426563e-01
2.019349100762171112e-01
2.028093557299629202e-01
2.036793445491893451e-01
2.045444738214415581e-01
2.054043377411111093e-01
2.062585274825079751e-01
2.071066312743880256e-01
2.080848619191080218e-01
2.091132147009245046e-01
2.101389715573831196e-01
2.111617531769816591e-01
2.121811771908569122e-01
2.131968582406383317e-01
2.142084080476816532e-01
2.152154354836592620e-01
2.162175466424848536e-01
2.172143449135449655e-01
2.182054310562199229e-01
2.191904032756602505e-01
2.201688572997992643e-01
2.211403864575719191e-01
2.221045817583138238e-01
2.230610319723143053e-01
2.240093237124917147e-01
2.249490415171669089e-01
2.258797679339034359e-01
2.268010836043814482e-01
2.277125673502847780e-01
2.286137962601582085e-01
2.295043457772153461e-01
2.303837897880577357e-01
2.312517007122769641e-01
2.321076495929075278e-01
2.329512061876962414e-01
2.337819390611572956e-01
2.345994156773784090e-01
2.354032024935446277e-01
2.361928650541446628e-01
2.369679680858301496e-01
2.377280755928885547e-01
2.384727509532955092e-01
2.392015570153153137e-01
2.399140561946111749e-01
2.406204133148340529e-01
2.416336900137566746e-01
2.426363746243525576e-01
2.436280720523564258e-01
2.446083863310058448e-01
2.455769207063067672e-01
2.465332777228332606e-01
2.474770593100341642e-01
2.484078668690115066e-01
2.493253013597445111e-01
2.502289633887205267e-01
2.511184532969500949e-01
2.519933712483274912e-01
2.528533173183084015e-01
2.536978915828734804e-01
2.545266942077439865e-01
2.553393255378167415e-01
2.561353861867914916e-01
2.569144771269533112e-01
2.576761997790800174e-01
2.584201561024433436e-01
2.591459486848721738e-01
2.598531808328428672e-01
2.605414566615704142e-01
2.612103811850611801e-01
2.618595604061043081e-01
2.624886014061622586e-01
2.630971124351339507e-01
2.636847030009578652e-01
2.642509839590225229e-01
2.647955676013568072e-01
2.653180677455646563e-01
2.658180998234770942e-01
2.662952809694918432e-01
2.667492301085639395e-01
2.671795680438274201e-01
2.675858703700494390e-01
2.681280971740456764e-01
2.689589690824029100e-01
2.697729891652056455e-01
2.705698120277049701e-01
2.713490934318260051e-01
2.721104903730077185e-01
2.728536611568111447e-01
2.735782654752630938e-01
2.742839644829129786e-01
2.749704208725788357e-01
2.756372989507512861e-01
2.762842647126381723e-01
2.769109859168200072e-01
2.775171321594900320e-01
2.781023749482631202e-01
2.786663877755168328e-01
2.792088461912541342e-01
2.797294278754529628e-01
2.802278127098856708e-01
2.807036828493855163e-01
2.811567227925340640e-01
2.815866194517496757e-01
2.819930622227542205e-01
2.823757430533992974e-01
2.827343565118226598e-01
2.830685998539252957e-01
2.833781730901376861e-01
2.836627790514634762e-01
2.839221234547735784e-01
2.841559149673394957e-01
2.843638652705762770e-01
2.845456891229862229e-01
2.847011044222801379e-01
2.848298322666559246e-01
2.849315970152275779e-01
2.850061263475695550e-01
2.850531513223800717e-01
2.854420490940840494e-01
2.860042687042702036e-01
2.865462622548245464e-01
2.870677709330307081e-01
2.875685383430048314e-01
2.880483105599201954e-01
2.885068361835683715e-01
2.889438663912444194e-01
2.893591549899436899e-01
2.897524584678494719e-01
2.901235360451024925e-01
2.904721497238353378e-01
2.907980643374611374e-01
2.911010475991965274e-01
2.913808701498143972e-01
2.916373056046102086e-01
2.918701305995649031e-01
2.920791248367016202e-01
2.922640711286187409e-01
2.924247554421847695e-01
2.925609669413985481e-01
2.926724980293833323e-01
2.927591443895255496e-01
2.928207050257331523e-01
2.928569823018128959e-01
2.928677819799537230e-01
2.928529132583119199e-01
2.928121888076808954e-01
2.927454248072528520e-01
2.926524409794464821e-01
2.925330606238108477e-01
2.923871106499883465e-01
2.922144216097328218e-01
2.920148277279798754e-01
2.917881669329602246e-01
2.915342808853522150e-01
2.912530150064723267e-01
2.915227319079941593e-01
2.917915524076950540e-01
2.920393848627071409e-01
2.922660642400355391e-01
2.924714283993080088e-01
2.926553181222055766e-01
2.928175771411240524e-01
2.929580521670661630e-01
2.930765929167525874e-01
2.931729639736206372e-01
2.932469581835531192e-01
2.932985888806861063e-01
2.933277180254960093e-01
2.933342107082194672e-01
2.933179351712081329e-01
2.932787628304653893e-01
2.932165682963830400e-01
2.931312293936639835e-01
2.930226271804305949e-01
2.928906459665201467e-01
2.927351733309626614e-01
2.925561001386411952e-01
2.923533205561361092e-01
2.921267320667451650e-01
2.918762354846896057e-01
2.916017349684977278e-01
2.913031380335704967e-01
2.909803555639282613e-01
2.906333018231395671e-01
2.902618944644337340e-01
2.898660545399998623e-01
2.894457065094682702e-01
2.890007782475859099e-01
2.885312010510781011e-01
2.880369096447060739e-01
2.875178421865177136e-01
2.871327679098217844e-01
2.871385579188373560e-01
2.871245456610551083e-01
2.870906467933997397e-01
2.870367797621100614e-01
2.869628658122193587e-01
2.868688289963568505e-01
2.867545961828783518e-01
2.866200970633199230e-01
2.864652641591791116e-01
2.862900328280290063e-01
2.860943412689603838e-01
2.858781305273599971e-01
2.856413444990241746e-01
2.853839299336121127e-01
2.851058364374395859e-01
2.848070164756210110e-01
2.844874253735545366e-01
2.841470213177635373e-01
2.837857653560924565e-01
2.834036213972587759e-01
2.830005562097727134e-01
2.825765394202217617e-01
2.821315435109280068e-01
2.816655438169812786e-01
2.811785185226562400e-01
2.806704486572113577e-01
2.801413180900829691e-01
2.795911135254762203e-01
2.790198244963528751e-01
2.784274433578364238e-01
2.778139652800183379e-01
2.771793882401965559e-01
2.765237130145278277e-01
2.758469431691217277e-01
2.751490850505635133e-01
2.744301477758881447e-01
2.739930241556065571e-01
2.737484385679489485e-01
2.734861838284248226e-01
2.732063841730291154e-01
2.729090239425495112e-01
2.725940898299417658e-01
2.722615708748016838e-01
2.719114584573502080e-01
2.715437462919446099e-01
2.711584304201076767e-01
2.707555092030920485e-01
2.703349833139820912e-01
2.698968557293322523e-01
2.694411317203546097e-01
2.689678188436619988e-01
2.684769269315641638e-01
2.679684680819326426e-01
2.674424566476329979e-01
2.668989092255344975e-01
2.663378446451022952e-01
2.657592839565761644e-01
2.651632504187469985e-01
2.645497694863316873e-01
2.639188687969568070e-01
2.632705781577557858e-01
2.626049295315863730e-01
2.619219570228766836e-01
2.612216968631029257e-01
2.605041873959082488e-01
2.597694690618701507e-01
2.590175843829199409e-01
2.582485779464245845e-01
2.574624963889355356e-01
2.566593883796128850e-01
2.558393046033311524e-01
2.550022977434727167e-01
2.541484224644191547e-01
2.536719453533524127e-01
2.532240987931913545e-01
2.527617131324369493e-01
2.522848169069639712e-01
2.517934404026243578e-01
2.512876156422211849e-01
2.507673763722034765e-01
2.502327580490872894e-01
2.496837978256119805e-01
2.491205345366331869e-01
2.485430086847631448e-01
2.479512624257600995e-01
2.473453395536753807e-01
2.467252854857627242e-01
2.460911472471563610e-01
2.454429734553243425e-01
2.447808143043014306e-01
2.441047105314399224e-01
2.434147108767138468e-01
2.427108861141577256e-01
2.419932925783593036e-01
2.412619880985961973e-01
2.405170319818778490e-01
2.397584849958095954e-01
2.389864093512889531e-01
2.382008686850308476e-01
2.374019280419389089e-01
2.365896538573162289e-01
2.357641139389371754e-01
2.349253774489688529e-01
2.340735148857613079e-01
2.332085980655065338e-01
2.323307001037726582e-01
2.314398953969194761e-01
2.305362596034026545e-01
2.296198696249677207e-01
2.287644052742817680e-01
2.281697707747936399e-01
2.275637506334609317e-01
2.269464001839039402e-01
2.263177758973796416e-01
2.256779353673892263e-01
2.250269372941804957e-01
2.243648414691537807e-01
2.236917087591737685e-01
2.230076010907917627e-01
2.223125814343832884e-01
2.216067137882089533e-01
2.208900631623970379e-01
2.201626955628605831e-01
2.194246779751433674e-01
2.186760783482121773e-01
2.179169655781873771e-01
2.171474094920254616e-01
2.163674808311523423e-01
2.155772512350566383e-01
2.147767932248426381e-01
2.139661801867513979e-01
2.131454863556504764e-01
2.123147867985022141e-01
2.114741573978071165e-01
2.106236748350345522e-01
2.097633959002895565e-01
2.088934040369418710e-01
2.080137941881643748e-01
2.071246460601304518e-01
2.062260400750731970e-01
2.053180573546987686e-01
2.044007797036157537e-01
2.034742895927760253e-01
2.025386701429376102e-01
2.015940051081493989e-01
2.006403788592622806e-01
1.998286413716843790e-01
1.991454949221916626e-01
1.984541999823013214e-01
1.977548227324398555e-01
1.970474299329659229e-01
1.963320889103616074e-01
1.956088675434401736e-01
1.948778342495762206e-01
1.941390579709575959e-01
1.933926081608695335e-01
1.926385547700028289e-01
1.918769682327992332e-01
1.911079194538314874e-01
1.903314797942212977e-01
1.895477210580993610e-01
1.887567154791097712e-01
1.879585357069600560e-01
1.871532547940208957e-01
1.863409461819781621e-01
1.855216836885387188e-01
1.846955414941940654e-01
1.838625941290398802e-01
1.830229164596612335e-01
1.821765836760796398e-01
1.813236712787651694e-01
1.804642550657186151e-01
1.795984111196230193e-01
1.787262157950678942e-01
1.778477636663409744e-01
1.769631203192983393e-01
1.760723558181916670e-01
1.751755474825981707e-01
1.742727728412467314e-01
1.733641096197186537e-01
1.724496357282339631e-01
1.715294292495268547e-01
1.706035684268074337e-01
1.698528638822032200e-01
1.691323862678502932e-01
1.684066342148153594e-01
1.676756724578686297e-01
1.669395658983975350e-01
1.661983795941897046e-01
1.654521787492903018e-01
1.647010287039374354e-01
1.639449949245737614e-01
1.631841429939406007e-01
1.624185386012489130e-01
1.616482475324358681e-01
1.608733356605008269e-01
1.600938689359290290e-01
1.593099133771964937e-01
1.585215350613641550e-01
1.577288001147585939e-01
1.569317747037386468e-01
1.561305250255541899e-01
1.553251172992922147e-01
1.545156177569149691e-01
1.537020926343894700e-01
1.528846081629090803e-01
1.520632305602076240e-01
1.512380260219676198e-01
1.504090607133239665e-01
1.495764007604599155e-01
1.487401122423013256e-01
1.479002611823060365e-01
1.470569135403484995e-01
1.462101352047045499e-01
1.453599919841307431e-01
1.445065496000439154e-01
1.436498736787967245e-01
1.427900297440557742e-01
1.419270832092748291e-01
1.410860123190941229e-01
1.403864756181120443e-01
1.396839585321537347e-01
1.389785162313993960e-01
1.382702038060426297e-01
1.375590762599478989e-01
1.368451885043918126e-01
1.361285953518882597e-01
1.354093515100980860e-01
1.346875115758231212e-01
1.339631300290845539e-01
1.332362612272863789e-01
1.325069593994636363e-01
1.317752786406149734e-01
1.310412729061206094e-01
1.303049960062449830e-01
1.295665016007241932e-01
1.288258431934383441e-01
1.280830741271696827e-01
1.273382475784431145e-01
1.265914165524542889e-01
1.258426338780800069e-01
1.250919522029743935e-01
1.243394239887487263e-01
1.235851015062354036e-01
1.228290368308367769e-01
1.220712818379559028e-01
1.213118881985134345e-01
1.205509073745442694e-01
1.197883906148815708e-01
1.190243889509198655e-01
1.182589531924628096e-01
1.174921339236522089e-01
1.167239814989791680e-01
1.159545460393770905e-01
1.151838774283955313e-01
1.144120253084547068e-01
1.136973422346220786e-01
1.130502941412403900e-01
1.124020220663993069e-01
1.117525684241397893e-01
1.111019754270420046e-01
1.104502850831302896e-01
1.097975391928458500e-01
1.091437793460864336e-01
1.084890469193133394e-01
1.078333830727248033e-01
1.071768287474959280e-01
1.065194246630842834e-01
1.058612113146006062e-01
1.052022289702456009e-01
1.045425176688098284e-01
1.038821172172392920e-01
1.032210671882636821e-01
1.025594069180887358e-01
1.018971755041506028e-01
1.012344118029339102e-01
1.005711544278501818e-01
9.990744174717920700e-02
9.924331188207012600e-02
9.857880270460454841e-02
9.791395183591790341e-02
9.724879664438189353e-02
9.658337424384506875e-02
9.591772149193251995e-02
9.525187498840238798e-02
9.458587107356186685e-02
9.391974582673826011e-02
9.325353506480763000e-02
9.258727434077863860e-02
9.192099894243291325e-02
9.125474389101850825e-02
9.058854393999925259e-02
8.992243357385713842e-02
8.931298577746060730e-02
8.872042144900386951e-02
8.812786383553200542e-02
8.753534346021762946e-02
8.694289060707663386e-02
8.635053532004478838e-02
8.575830740210023395e-02
8.516623641443112069e-02
8.457435167564812672e-02
8.398268226104016465e-02
8.339125700187430268e-02
8.280010448473856810e-02
8.220925305092709190e-02
8.161873079586760837e-02
8.102856556858994974e-02
8.043878497123635452e-02
7.984941635861118880e-02
7.926048683777187076e-02
7.867202326765812548e-02
7.808405225876138833e-02
7.749660017283148405e-02
7.690969312262233015e-02
7.632335697167402788e-02
7.573761733413339470e-02
7.515249957460880259e-02
7.456802880806352729e-02
7.398422989974227926e-02
7.340112746513380304e-02
7.281874586996786580e-02
7.223710923024571906e-02
7.165624141230436672e-02
7.107616603291369572e-02
7.049690645940594191e-02
6.991848580983679728e-02
6.934092695317901900e-02
6.876425250954538992e-02
6.819527428112766299e-02
6.770357887376234063e-02
6.721255813025805992e-02
6.672223113810644979e-02
6.623261677698037697e-02
6.574373371898985241e-02
6.525560042896254298e-02
6.476823516474727871e-02
6.428165597754224858e-02
6.379588071224530366e-02
6.331092700782703364e-02
6.282681229772600628e-02
6.234355381026655124e-02
6.186116856909687489e-02
6.137967339364903269e-02
6.089908489961902427e-02
6.041941949946781631e-02
5.994069340294153753e-02
5.946292261761158826e-02
5.898612294943397782e-02
5.851031000332702903e-02
5.803549918376779693e-02
5.756170569540645932e-02
5.708894454369817240e-02
5.661723053555242635e-02
5.614657827999923467e-02
5.567700218887179642e-02
5.520851647750561753e-02
5.474113516545317526e-02
5.427487207721441026e-02
5.380974084298199844e-02
5.334575489940195092e-02
5.288292749034810558e-02
5.242127166771128055e-02
5.196080029220164626e-02
5.150152603416547487e-02
5.104346137441388015e-02
5.061119828281281097e-02
5.021795223970100530e-02
4.982569422018459648e-02
4.943443464972446799e-02
4.904418379670169581e-02
4.865495177314843600e-02
4.826674853548972022e-02
4.787958388529343912e-02
4.749346747003033858e-02
4.710840878384235653e-02
4.672441716831969571e-02
4.634150181328684781e-02
4.595967175759591017e-02
4.557893588992834033e-02
4.519930294960424616e-02
4.482078152739927407e-02
4.444338006636811000e-02
4.406710686267578669e-02
4.369197006643494446e-02
4.331797768255010034e-02
4.294513757156787070e-02
4.257345745053345981e-02
4.220294489385292835e-02
4.183360733416097849e-02
4.146545206319435933e-02
4.109848623267007423e-02
4.073271685516902801e-02
4.036815080502426795e-02
4.000479481921363073e-02
3.964265549825701090e-02
3.928173930711768846e-02
3.892205257610770186e-02
3.856360150179684310e-02
3.820639214792562188e-02
3.785043044632121351e-02
3.749572219781686228e-02
3.714227307317412990e-02
3.682485861043845871e-02
3.652309108910962998e-02
3.622235625232411715e-02
3.592265874555121419e-02
3.562400310858176988e-02
3.532639377629888389e-02
3.502983507945069130e-02
3.473433124542480571e-02
3.443988639902409443e-02
3.414650456324367506e-02
3.385418966004950792e-02
3.356294551115788366e-02
3.327277583881556311e-02
3.298368426658139507e-02
3.269567432010815622e-02
3.240874942792505708e-02
3.212291292222096972e-02
3.183816803962765535e-02
3.155451792200364425e-02
3.127196561721785201e-02
3.099051407993351492e-02
3.071016617239190338e-02
3.043092466519583400e-02
3.015279223809295278e-02
2.987577148075858807e-02
2.959986489357810738e-02
2.932507488842864621e-02
2.905140378946006671e-02
2.877885383387547916e-02
2.850742717271037563e-02
2.823712587161092066e-02
2.796795191161161737e-02
2.769990718991122841e-02
2.743299352064772212e-02
2.716721263567190708e-02
2.690256618531946392e-02
2.663965536886283431e-02
2.641462559815358976e-02
2.619052549668125091e-02
2.596735636074178760e-02
2.574511942165980810e-02
2.552381584641474216e-02
2.530344673826574048e-02
2.508401313737472493e-02
2.486551602142802672e-02
2.464795630625618919e-02
2.443133484645204981e-02
2.421565243598702497e-02
2.400090980882547617e-02
2.378710763953722704e-02
2.357424654390811308e-02
2.336232707954834925e-02
2.315134974649919741e-02
2.294131498783704565e-02
2.273222319027577362e-02
2.252407468476659916e-02
2.231686974709586047e-02
2.211060859848043916e-02
2.190529140616090040e-02
2.170091828399211067e-02
2.149748929303178790e-02
2.129500444212606078e-02
2.109346368849319281e-02
2.089286693830430877e-02
2.069321404726172028e-02
2.049450482117467359e-02
2.029673901653246751e-02
2.009991634107492417e-02
1.990403645436012586e-02
1.970909896832952202e-02
1.951510344787020859e-02
1.932204941137448742e-02
1.912993633129660490e-02
1.894727932892210573e-02
1.878294034401849916e-02
1.861937897085317456e-02
1.845659472578421029e-02
1.829458708885685000e-02
1.813335550425003787e-02
1.797289938072013996e-02
1.781321809204266735e-02
1.765431097745118541e-02
1.749617734207397843e-02
1.733881645736813637e-02
1.718222756155106737e-02
1.702640986002967177e-02
1.687136252582675799e-02
1.671708470000510954e-02
1.656357549208891874e-02
1.641083398048259409e-02
1.625885921288708347e-02
1.610765020671355019e-02
1.595720594949437757e-02
1.580752539929178996e-02
1.565860748510366010e-02
1.551045110726664497e-02
1.536305513785690864e-02
1.521641842108796723e-02
1.507053977370602718e-02
1.492541798538266420e-02
1.478105181910474228e-02
1.463744001156172883e-02
1.449458127353040783e-02
1.435247429025675314e-02
1.421111772183525010e-02
1.407051020358550571e-02
1.393065034642612665e-02
1.379153673724598135e-02
1.365316793927267430e-02
1.351554249243843570e-02
1.338980003366621943e-02
1.327099502568066837e-02
1.315281105064542051e-02
1.303524686105946191e-02
1.291830119115225904e-02
1.280197275717594521e-02
1.268626025769530388e-02
1.257116237387552633e-02
1.245667776976769683e-02
1.234280509259205565e-02
1.222954297301904678e-02
1.211689002544812967e-02
1.200484484828440689e-02
1.189340602421281798e-02
1.178257212047048759e-02
1.167234168911655996e-02
1.156271326729985810e-02
1.145368537752441962e-02
1.134525652791280349e-02
1.123742521246713991e-02
1.113018991132801172e-02
1.102354909103117619e-02
1.091750120476203678e-02
1.081204469260798121e-02
1.070717798180851124e-02
1.060289948700320582e-02
1.049920761047750707e-02
1.039610074240640211e-02
1.029357726109582025e-02
1.019163553322204388e-02
1.009027391406884001e-02
9.989490747762522216e-03
9.889284367504866738e-03
9.789653095803929617e-03
9.690595244702667616e-03
9.592109116005571173e-03
9.494193001503092519e-03
9.408199745515670800e-03
9.323279792090952145e-03
9.238838354559747099e-03
9.154873988288745115e-03
9.071385241002675667e-03
8.988370652962143423e-03
8.905828757139818905e-03
8.823758079394783405e-03
8.742157138645418463e-03
8.661024447040425317e-03
8.580358510128189425e-03
8.500157827024526491e-03
8.420420890578759684e-03
8.341146187538072548e-03
8.262332198710298919e-03
8.183977399125035371e-03
8.106080258193086585e-03
8.028639239864359886e-03
7.951652802784071883e-03
7.875119400447395598e-03
7.799037481352457009e-03
7.723405489151812832e-03
7.648221862802255175e-03
7.573485036713115647e-03
7.499193440892956176e-03
7.425345501094715063e-03
7.351939638959299576e-03
7.278974272157637260e-03
7.206447814531219756e-03
7.134358676231038546e-03
7.062705263855120763e-03
6.991485980584467332e-03
6.920699226317509646e-03
6.850343397803131638e-03
6.780416888772124520e-03
6.710918090067223389e-03
6.643971950703203046e-03
6.583400913543925072e-03
6.523190826351723051e-03
6.463340330041239708e-03
6.403848063549488767e-03
6.344712663938030170e-03
6.285932766494013377e-03
6.227507004830072287e-03
6.169434010983042282e-03
6.111712415511466427e-03
6.054340847592047832e-03
5.997317935114869492e-03
5.940642304777516911e-03
5.884312582178064487e-03
5.828327391906947333e-03
5.772685357637709867e-03
5.717385102216652852e-03
5.662425247751377150e-03
5.607804415698245878e-03
5.553521226948751957e-03
5.499574301914841347e-03
5.445962260613102651e-03
5.392683722747966188e-03
5.339737307793833605e-03
5.287121635076120693e-03
5.234835323851325280e-03
5.182876993386012661e-03
5.131245263034825248e-03
5.079938752317425359e-03
5.028956080994502996e-03
4.978295869142708094e-03
4.927956737228644281e-03
4.877937306181858237e-03
4.828236197466884497e-03
4.778852033154215584e-03
4.729783435990493265e-03
4.681029029467589572e-03
4.635636951786345321e-03
4.592790626656550676e-03
4.550211996551096170e-03
4.507899891701932019e-03
4.465853143237053825e-03
4.424070583234476772e-03
4.382551044775366729e-03
4.341293361996505229e-03
4.300296370141951270e-03
4.259558905613978000e-03
4.219079806023256531e-03
4.178857910238335457e-03
4.138892058434367506e-03
4.099181092141137954e-03
4.059723854290366203e-03
4.020519189262307391e-03
3.981565942931658379e-03
3.942862962712759441e-03
3.904409097604112904e-03
3.866203198232216146e-03
3.828244116894730618e-03
3.790530707602964792e-03
3.753061826123691835e-03
3.715836330020325009e-03
3.678853078693439076e-03
3.642110933420614292e-03
3.605608757395685829e-03
3.569345415767334433e-03
3.533319775677001406e-03
3.497530706296314833e-03
3.461977078863737352e-03
3.426657766720708244e-03
3.391571645347132413e-03
3.356717592396297328e-03
3.322094487729173717e-03
3.287701213448126873e-03
3.253536653930062025e-03
3.222596309432843812e-03
3.192245335595605797e-03
3.162091787800289100e-03
3.132134707173075266e-03
3.102373136945333829e-03
3.072806122479088044e-03
3.043432711292007060e-03
3.014251953081942704e-03
2.985262899751008753e-03
2.956464605429194852e-03
2.927856126497542424e-03
2.899436521610869108e-03
2.871204851720064732e-03
2.843160180093931479e-03
2.815301572340618130e-03
2.787628096428598941e-03
2.760138822707251804e-03
2.732832823927009228e-03
2.705709175259102955e-03
2.678766954314880117e-03
2.652005241164740769e-03
2.625423118356650428e-03
2.599019670934259261e-03
2.572793986454656109e-03
2.546745155005694476e-03
2.520872269222952915e-03
2.495174424306321158e-03
2.469650718036197224e-03
2.444300250789315909e-03
2.419122125554212539e-03
2.394115447946321574e-03
2.369279326222709613e-03
2.344612871296457984e-03
2.320115196750685820e-03
2.295785418852240491e-03
2.271622656565016815e-03
2.248074632142034977e-03
2.226514457763630571e-03
2.205099214282788857e-03
2.183828141809114436e-03
2.162700482860075313e-03
2.141715482370674852e-03
2.120872387702853103e-03
2.100170448654620128e-03
2.079608917468908288e-03
2.059187048842179082e-03
2.038904099932751547e-03
2.018760764679483882e-03
1.998755801659887407e-03
1.978887511738193841e-03
1.959155162342100451e-03
1.939558023395784089e-03
1.920095367326846592e-03
1.900766469072838428e-03
1.881570606087721404e-03
1.862507058347919386e-03
1.843575108358318270e-03
1.824774041157848541e-03
1.806103144325020777e-03
1.787561707983077123e-03
1.769149024805068615e-03
1.750864390018562564e-03
1.732707101410289668e-03
1.714676459330426173e-03
1.696771766696811854e-03
1.678992328998813030e-03
1.661337454301130279e-03
1.643806453247258778e-03
1.626398639062849550e-03
1.609113327558864921e-03
1.591949837134449056e-03
1.574907488779749270e-03
1.557985606078388227e-03
1.541956457152875160e-03
1.526784939928240705e-03
1.511718587805224853e-03
1.496756814359124750e-03
1.481899035458569087e-03
1.467144669266555240e-03
1.452493136241468641e-03
1.437943859137819601e-03
1.423496263006973194e-03
1.409149775197598986e-03
1.394903825356110785e-03
1.380757845426837296e-03
1.366711269652189737e-03
1.352763534572552339e-03
1.338914079026177172e-03
1.325162344148822675e-03
1.311507773373374189e-03
1.297949812429228123e-03
1.284487909341658785e-03
1.271121514430945815e-03
1.257850080311502050e-03
1.244673061890752466e-03
1.231589916368017873e-03
1.218600103233164443e-03
1.205703084265252138e-03
1.192898323530956544e-03
1.180185287382955585e-03
1.167563444458208670e-03
1.155032265676040693e-03
1.142591224236242948e-03
1.130239795616945920e-03
1.117977457572499238e-03
1.105803690131136087e-03
1.093717975592661037e-03
1.081719798525906072e-03
1.069808645766219578e-03
1.057984006412734154e-03
1.047327102150741448e-03
1.036983152991782656e-03
1.026712404637049499e-03
1.016514429483295978e-03
1.006388801840590874e-03
9.963350979294307262e-04
9.863528958778671352e-04
9.764417757184712127e-04
9.666013193853264379e-04
9.568311107108578000e-04
9.471307354226859857e-04
9.374997811403281518e-04
9.279378373719248275e-04
9.184444955108047280e-04
9.090193488320929367e-04
8.996619924891548301e-04
8.903720235100779506e-04
8.811490407939986209e-04
8.719926451074695413e-04
8.629024390806778761e-04
8.538780272036660497e-04
8.449190158225012605e-04
8.360250131353357071e-04
8.271956291884878477e-04
8.184304758723983265e-04
8.097291669176097514e-04
8.010913178906199465e-04
7.925165461897664288e-04
7.840044710409766610e-04
7.755547134935631901e-04
7.671668964158839116e-04
7.588406444910368110e-04
7.505755842124380451e-04
7.423713438794282129e-04
7.342275535927643513e-04
7.261438452501435895e-04
7.182256517534606243e-04
7.110644309716580673e-04
7.039548416640214806e-04
6.968965708652909282e-04
6.898893071459899105e-04
6.829327406082869641e-04
6.760265628817574077e-04
6.691704671191801065e-04
6.623641479922496699e-04
6.556073016873169464e-04
6.488996259010402883e-04
6.422408198360783421e-04
6.356305841966899224e-04
6.290686211843736757e-04
6.225546344934239362e-04
6.160883293065020846e-04
6.096694122901848145e-04
6.032975915904517910e-04
5.969725768282080043e-04
5.906940790947245914e-04
5.844618109471192303e-04
5.782754864037555455e-04
5.721348209396836040e-04
5.660395314820025657e-04
5.599893364052623652e-04
5.539839555267878730e-04
5.480231101020487019e-04
5.421065228199474810e-04
5.362339177981559433e-04
5.304050205783726255e-04
5.246195581216249113e-04
5.188772588035000599e-04
5.131778524094160248e-04
5.075210701298254849e-04
5.019066445554581490e-04
4.963343096724992000e-04
4.908038008578070963e-04
4.855607850905072054e-04
4.806651825390255818e-04
4.758054807426245173e-04
4.709814551772066181e-04
4.661928825007726927e-04
4.614395405491897306e-04
4.567212083319024496e-04
4.520376660276871259e-04
4.473886949803525703e-04
4.427740776944683715e-04
4.381935978310816469e-04
4.336470402034059294e-04
4.291341907725419844e-04
4.246548366431541740e-04
4.202087660591814614e-04
4.157957683995061322e-04
4.114156341736562874e-04
4.070681550174682761e-04
4.027531236887824128e-04
3.984703340630983085e-04
3.942195811292671724e-04
3.900006609851417762e-04
3.858133708332630099e-04
3.816575089765084365e-04
3.775328748137754325e-04
3.734392688356263815e-04
3.693764926199708388e-04
3.653443488277090452e-04
3.613426411984130607e-04
3.573711745459711461e-04
3.534297547542684091e-04
3.495181887728308055e-04
3.456362846125100147e-04
3.417838513411270069e-04
3.379606990791588156e-04
3.341666389953877971e-04
3.304014833025882949e-04
3.269259079848658338e-04
3.235611134850864415e-04
3.202214270770830989e-04
3.169066874513773902e-04
3.136167341951611159e-04
3.103514077884718782e-04
3.071105496004039571e-04
3.038940018852881778e-04
3.007016077789100516e-04
2.975332112946983167e-04
2.943886573199506139e-04
2.912677916120314067e-04
2.881704607946045408e-04
2.850965123538414100e-04
2.820457946346640872e-04
2.790181568369611877e-04
2.760134490118418965e-04
2.730315220578632702e-04
2.700722277172927749e-04
2.671354185723482733e-04
2.642209480414711882e-04
2.613286703755782528e-04
2.584584406543461669e-04
2.556101147824754358e-04
2.527835494859878205e-04
2.499786023085024821e-04
2.471951316075457375e-04
2.444329965508421662e-04
2.416920571126355329e-04
2.389721740699946126e-04
2.362732089991484517e-04
2.335950242718051761e-04
2.309374830515025672e-04
2.283004492899426722e-04
2.256837877233489119e-04
2.230873638688322957e-04
2.205308296068686936e-04
2.182750054575377757e-04
2.160361524260360024e-04
2.138141593391100449e-04
2.116089156671983797e-04
2.094203115213950353e-04
2.072482376504003812e-04
2.050925854374991049e-04
2.029532468975266135e-04
2.008301146738617014e-04
1.987230820354082665e-04
1.966320428736030481e-04
1.945568916994128204e-04
1.924975236403582304e-04
1.904538344375261163e-04
1.884257204426097437e-04
1.864130786149360592e-04
1.844158065185226504e-04
1.824338023191219942e-04
1.804669647812934328e-04
1.785151932654646613e-04
1.765783877250192888e-04
1.746564487033759713e-04
1.727492773310925888e-04
1.708567753229615861e-04
1.689788449751313893e-04
1.671153891622189584e-04
1.652663113344484693e-04
1.634315155147814038e-04
1.616109062960678351e-04
1.598043888382047072e-04
1.580118688652933816e-04
1.562332526628209563e-04
1.544684470748345631e-04
1.527173595011404943e-04
1.509798978944959025e-04
1.492559707578257344e-04
1.476143326464997416e-04
1.460986042246962061e-04
1.445943897480093162e-04
1.431016124476874245e-04
1.416201960147833326e-04
1.401500645978067500e-04
1.386911428003699759e-04
1.372433556788560784e-04
1.358066287400817342e-04
1.343808879389807765e-04
1.329660596762829994e-04
1.315620707962153783e-04
1.301688485841967849e-04
1.287863207645543594e-04
1.274144154982358439e-04
1.260530613805420819e-04
1.247021874388560484e-04
1.233617231303914773e-04
1.220315983399383167e-04
1.207117433776282698e-04
1.194020889766968664e-04
1.181025662912650218e-04
1.168131068941188493e-04
1.155336427745044868e-04
1.142641063359311788e-04
1.130044303939756851e-04
1.117545481741059893e-04
1.105143933095015913e-04
1.092838998388933296e-04
1.080630022044008857e-04
1.068516352493895468e-04
1.056497342163239194e-04
1.044572347446416595e-04
1.032740728686237878e-04
1.021001850152853340e-04
1.009355080022623078e-04
9.977997903571912122e-05
9.871291116277383854e-05
9.768983307794293976e-05
9.667460403525518020e-05
9.566717088513320994e-05
9.466748080527735340e-05
9.367548129889219344e-05
9.269112019291178659e-05
9.171434563624124975e-05
9.074510609799685615e-05
8.978335036576212322e-05
8.882902754384198964e-05
8.788208705153485452e-05
8.694247862140071356e-05
8.601015229754750972e-05
8.508505843391478700e-05
8.416714769257383757e-05
8.325637104202715782e-05
8.235267975552025067e-05
8.145602540936075985e-05
8.056635988123998944e-05
7.968363534856901941e-05
7.880780428681411647e-05
7.793881946784756776e-05
7.707663395829753863e-05
7.622120111791324485e-05
7.537247459792943368e-05
7.453040833944604368e-05
7.369495657180690233e-05
7.286607381099367029e-05
7.204371485801936543e-05
7.122783479733633396e-05
7.041838899524404533e-05
6.961533309831163222e-05
6.881862303179961751e-05
6.802821499809695550e-05
6.724406547515692119e-05
6.646613121494834105e-05
