s_min: 5.902 (+0.87, -0.638) mu 
dfrac: 0.07701 (+0.00521, -0.00545) MEarth 
q: 3.801 (+0.04, -0.038) [-] 
