s_min: 0.755 (+0.66, -0.433) mu 
dfrac: 0.15508 (+0.03422, -0.02171) MEarth 
q: 3.368 (+0.05, -0.043) [-] 
