s_min: 2.589 (+0.85, -0.543) mu 
dfrac: 1.03198 (+0.18084, -0.17953) MEarth 
q: 3.866 (+0.05, -0.046) [-] 
s_min2: 5.14 (+3.17, -2.37) mu 
dfrac2: 0.08296 (+0.00600, -0.00511) MEarth 
q2: 3.67 (+0.23, -0.33) [-] 
