s_min: 3.191 (+3.79, -1.834) mu 
dfrac: 0.03383 (+0.00939, -0.00716) MEarth 
q: 3.577 (+0.11, -0.088) [-] 
