s_min: 1.362 (+1.44, -0.779) mu 
dfrac: 0.05270 (+0.00442, -0.00265) MEarth 
q: 3.160 (+0.06, -0.036) [-] 
