s_min: 5.279 (+2.15, -1.477) mu 
dfrac: 0.46989 (+0.05444, -0.05537) MEarth 
q: 3.684 (+0.06, -0.049) [-] 
s_min2: 2.78 (+1.25, -0.99) mu 
dfrac2: 0.09389 (+0.01964, -0.00642) MEarth 
q2: 3.87 (+0.10, -0.16) [-] 
Chi^2 value: 32.135 
