s_min: 0.510 (+0.58, -0.222) mu 
dfrac: 0.13036 (+0.01857, -0.01701) MEarth 
q: 3.318 (+0.04, -0.024) [-] 
