s_min: 4.805 (+0.85, -0.621) mu 
dfrac: 0.04450 (+0.00331, -0.00364) MEarth 
q: 3.835 (+0.08, -0.074) [-] 
