s_min: 1.564 (+1.69, -0.969) mu 
dfrac: 0.06664 (+0.00770, -0.00489) MEarth 
q: 3.206 (+0.07, -0.051) [-] 
