s_min: 4.665 (+2.24, -1.698) mu 
dfrac: 0.45959 (+0.09821, -0.06349) MEarth 
q: 3.646 (+0.06, -0.049) [-] 
s_min2: 3.69 (+4.30, -1.87) mu 
dfrac2: 0.09042 (+0.01667, -0.00454) MEarth 
q2: 3.77 (+0.17, -0.27) [-] 
