s_min: 5.298 (+3.43, -4.832) mu 
dfrac: 0.02646 (+0.03885, -0.00413) MEarth 
q: 3.570 (+0.10, -0.108) [-] 
