s_min: 2.907 (+1.06, -0.611) mu 
dfrac: 0.97381 (+0.20385, -0.19533) MEarth 
q: 3.874 (+0.05, -0.051) [-] 
s_min2: 3.70 (+1.90, -1.39) mu 
dfrac2: 0.08830 (+0.00762, -0.00569) MEarth 
q2: 3.82 (+0.12, -0.21) [-] 
Chi^2 value: 35.008 
