s_min: 5.296 (+3.36, -2.457) mu 
dfrac: 0.41668 (+0.11784, -0.05683) MEarth 
q: 3.659 (+0.09, -0.060) [-] 
s_min2: 16.71 (+2.42, -4.38) mu 
dfrac2: 0.05207 (+0.00343, -0.00251) MEarth 
q2: 3.44 (+0.33, -0.28) [-] 
